Squats : 2021-04-27 12:03:36.206204
Running : 2021-04-27 12:12:51.557393
Planks : 2021-04-27 12:14:19.434023
